Error : ArRole : row no. : 2 : AR_ROLE_110 : Role already exists.  : 2020-03-14 14:55:15.861409
Error : ArRole : row no. : 3 : AR_ROLE_111 : Role already exists.  : 2020-03-14 14:55:15.862911
Error : ArRole : row no. : 4 : AR_ROLE_112 : Role already exists.  : 2020-03-14 14:55:15.864405
Error : ArRole : row no. : 5 : AR_ROLE_113 : Role already exists.  : 2020-03-14 14:55:15.865893
Error : ArRole : row no. : 6 : AR_ROLE_114 : Role already exists.  : 2020-03-14 14:55:15.867385
Error : ArRole : row no. : 7 : AR_ROLE_115 : Role already exists.  : 2020-03-14 14:55:15.868869
Error : ArRole : row no. : 8 : AR_ROLE_116 : Role already exists.  : 2020-03-14 14:55:15.870351
Error : ArRole : row no. : 9 : AR_ROLE_117 : Role already exists.  : 2020-03-14 14:55:15.871842
Error : ArRole : row no. : 10 : AR_ROLE_118 : Role already exists.  : 2020-03-14 14:55:15.873323
Error : ArRole : row no. : 11 : AR_ROLE_119 : Role already exists.  : 2020-03-14 14:55:15.874828
Error : ArRole : row no. : 12 : AR_ROLE_120 : Role already exists.  : 2020-03-14 14:55:15.876309
Error : ArRole : row no. : 13 : AR_ROLE_121 : Role already exists.  : 2020-03-14 14:55:15.877806
Error : ArRole : row no. : 14 : AR_ROLE_122 : Role already exists.  : 2020-03-14 14:55:15.879306
Error : ArRole : row no. : 15 : AR_ROLE_123 : Role already exists.  : 2020-03-14 14:55:15.880793
Error : ArRole : row no. : 16 : AR_ROLE_124 : Role already exists.  : 2020-03-14 14:55:15.882274
Error : ArRole : row no. : 17 : AR_ROLE_125 : Role already exists.  : 2020-03-14 14:55:15.883776
Error : ArRole : row no. : 18 : AR_ROLE_126 : Role already exists.  : 2020-03-14 14:55:15.885262
Error : ArRole : row no. : 19 : AR_ROLE_127 : Role already exists.  : 2020-03-14 14:55:15.886756
Error : ArRole : row no. : 20 : AR_ROLE_128 : Role already exists.  : 2020-03-14 14:55:15.888245
Error : ArRole : row no. : 21 : AR_ROLE_129 : Role already exists.  : 2020-03-14 14:55:15.889727
Error : ArRole : row no. : 22 : AR_ROLE_130 : Role already exists.  : 2020-03-14 14:55:15.891238
